950351513955680256
950317753444925440
949213890113552384
948603727132291073
948448945990123520
948139191434485760
947721096672952320
946788299800174592
946657885458595841
946067098576367616
943729553180016641
943145131783331841
942734520259772416
942216911055499269
941690717612548096
941636585748967424
940944113012064256
940943942421422080
932180438046478336
932180292701265920
931686468753297413
931556283857059841
929170958664925186
928447318130532352
928414197129428992
927786978988273664
927181671505453056
927160505281777664
925558454663634944
923476234234818560
920630836742971392
920580531292577792
920540511596822528
920538163310817280
919094755790700545
918308400634642434
918301086221344769
916933084662005762
916422480608215040
916266498108178432
910115107874545665
907918825047199744
907601959611334656
907575584032571393
907525289638371328
907489584115617792
907478994664153088
907478851684413440
907478527972274177
907471460284776448
907437128744787968
907436911232290816
907423644040626176
907423128707489792
901691647376875520
900388704664997890
900374574084370433
895653304616734720
895508954746241026
891527314349084672
891527212536520705
887700715577024512
887698790865543168
887616127420964864
887577759131631617
887484345853788164
886563783560183809
886469653349912576
885167522198110208
885103435678236673
884278625071017984
882550086747602944
882542532428652544
880094793371484160
880094741441921024
877168145424826370
877166558472159234
877135031289892864
875390426986930180
869406707222331392
867653912832204800
867256847065124864
866663647241658369
864661256950566912
864365616924196864
864018737573142528
863291039141855232
863195589877547009
863195139379871744
863195093691383808
862901180032180224
862890321998262273
862887896302231554
862484134727270400
861971276209897473
861915852374921219
861902486352797698
858325901531938816
858324618490163200
858319620163252224
